기간	자치구	성별	합계	주택(거처)의 종류	주택(거처)의 종류	주택(거처)의 종류	주택(거처)의 종류	주택(거처)의 종류	주택(거처)의 종류	주택이외의 거처
기간	자치구	성별	합계	계	단독주택	아파트	연립주택	다세대주택	비거주용 건물내 주택	주택이외의 거처
2019	합계	계	1,299,787	1,100,060	524,735	286,571	19,555	223,927	45,272	199,727
2019	합계	남자	611,561	509,621	268,965	109,124	7,832	99,066	24,634	101,940
2019	합계	여자	688,226	590,439	255,770	177,447	11,723	124,861	20,638	97,787
2019	종로구	계	24,671	20,018	11,354	3,336	927	3,476	925	4,653
2019	종로구	남자	11,942	9,306	5,653	1,409	333	1,468	443	2,636
2019	종로구	여자	12,729	10,712	5,701	1,927	594	2,008	482	2,017
2019	중구	계	22,078	17,378	7,169	6,589	345	2,450	825	4,700
2019	중구	남자	10,677	8,024	3,517	2,738	146	1,176	447	2,653
2019	중구	여자	11,401	9,354	3,652	3,851	199	1,274	378	2,047
2019	용산구	계	35,148	30,263	16,782	6,162	771	5,954	594	4,885
2019	용산구	남자	16,204	13,553	7,873	2,312	328	2,733	307	2,651
2019	용산구	여자	18,944	16,710	8,909	3,850	443	3,221	287	2,234
2019	성동구	계	41,488	36,487	19,009	12,167	284	3,455	1,572	5,001
2019	성동구	남자	20,525	17,852	10,639	4,630	118	1,607	858	2,673
2019	성동구	여자	20,963	18,635	8,370	7,537	166	1,848	714	2,328
2019	광진구	계	58,714	52,345	34,357	4,142	557	10,857	2,432	6,369
2019	광진구	남자	28,035	24,993	17,395	1,565	200	4,551	1,282	3,042
2019	광진구	여자	30,679	27,352	16,962	2,577	357	6,306	1,150	3,327
2019	동대문구	계	58,152	50,021	29,191	11,962	694	5,628	2,546	8,131
2019	동대문구	남자	29,176	24,830	15,476	4,890	313	2,748	1,403	4,346
2019	동대문구	여자	28,976	25,191	13,715	7,072	381	2,880	1,143	3,785
2019	중랑구	계	52,196	48,599	29,517	8,886	890	7,692	1,614	3,597
2019	중랑구	남자	25,988	23,967	15,866	3,349	355	3,503	894	2,021
2019	중랑구	여자	26,208	24,632	13,651	5,537	535	4,189	720	1,576
2019	성북구	계	57,832	53,089	28,593	12,168	1,206	8,305	2,817	4,743
2019	성북구	남자	26,131	23,800	13,702	4,678	490	3,548	1,382	2,331
2019	성북구	여자	31,701	29,289	14,891	7,490	716	4,757	1,435	2,412
2019	강북구	계	42,791	39,843	21,490	6,993	905	9,500	955	2,948
2019	강북구	남자	19,517	17,770	10,530	2,520	336	3,880	504	1,747
2019	강북구	여자	23,274	22,073	10,960	4,473	569	5,620	451	1,201
2019	도봉구	계	32,653	29,897	12,137	10,374	654	6,131	601	2,756
2019	도봉구	남자	14,396	12,804	6,185	3,473	254	2,558	334	1,592
2019	도봉구	여자	18,257	17,093	5,952	6,901	400	3,573	267	1,164
2019	노원구	계	53,365	50,960	11,610	33,073	701	4,632	944	2,405
2019	노원구	남자	22,556	20,977	6,192	11,699	301	2,221	564	1,579
2019	노원구	여자	30,809	29,983	5,418	21,374	400	2,411	380	826
2019	은평구	계	52,814	45,351	17,926	8,711	907	16,770	1,037	7,463
2019	은평구	남자	23,209	19,793	8,560	3,320	340	7,017	556	3,416
2019	은평구	여자	29,605	25,558	9,366	5,391	567	9,753	481	4,047
2019	서대문구	계	46,449	41,741	21,659	8,957	1,104	8,507	1,514	4,708
2019	서대문구	남자	20,161	18,080	10,037	3,239	440	3,670	694	2,081
2019	서대문구	여자	26,288	23,661	11,622	5,718	664	4,837	820	2,627
2019	마포구	계	59,248	47,643	20,927	11,753	649	12,595	1,719	11,605
2019	마포구	남자	25,671	20,949	10,167	4,369	275	5,285	853	4,722
2019	마포구	여자	33,577	26,694	10,760	7,384	374	7,310	866	6,883
2019	양천구	계	36,345	33,289	12,308	9,976	722	9,695	588	3,056
2019	양천구	남자	16,658	15,059	6,620	3,645	268	4,219	307	1,599
2019	양천구	여자	19,687	18,230	5,688	6,331	454	5,476	281	1,457
2019	강서구	계	79,371	56,978	16,447	23,041	904	15,622	964	22,393
2019	강서구	남자	36,229	26,098	8,655	9,364	382	7,148	549	10,131
2019	강서구	여자	43,142	30,880	7,792	13,677	522	8,474	415	12,262
2019	구로구	계	47,740	35,208	14,535	12,611	1,385	5,759	918	12,532
2019	구로구	남자	23,455	16,770	7,940	5,067	543	2,679	541	6,685
2019	구로구	여자	24,285	18,438	6,595	7,544	842	3,080	377	5,847
2019	금천구	계	37,778	28,594	15,237	5,960	711	5,651	1,035	9,184
2019	금천구	남자	20,699	15,172	8,631	2,727	302	2,891	621	5,527
2019	금천구	여자	17,079	13,422	6,606	3,233	409	2,760	414	3,657
2019	영등포구	계	58,214	38,967	19,313	12,058	344	5,356	1,896	19,247
2019	영등포구	남자	29,297	19,001	10,045	5,011	150	2,766	1,029	10,296
2019	영등포구	여자	28,917	19,966	9,268	7,047	194	2,590	867	8,951
2019	동작구	계	60,088	55,994	33,222	9,817	893	9,721	2,341	4,094
2019	동작구	남자	28,746	26,377	16,849	3,629	377	4,275	1,247	2,369
2019	동작구	여자	31,342	29,617	16,373	6,188	516	5,446	1,094	1,725
2019	관악구	계	119,863	100,459	64,558	11,833	1,125	12,544	10,399	19,404
2019	관악구	남자	62,600	52,498	35,141	4,928	471	5,844	6,114	10,102
2019	관악구	여자	57,263	47,961	29,417	6,905	654	6,700	4,285	9,302
2019	서초구	계	42,667	35,963	13,101	11,957	736	8,744	1,425	6,704
2019	서초구	남자	18,792	15,328	6,120	4,352	263	3,830	763	3,464
2019	서초구	여자	23,875	20,635	6,981	7,605	473	4,914	662	3,240
2019	강남구	계	66,073	55,051	19,287	19,693	1,066	12,763	2,242	11,022
2019	강남구	남자	28,187	22,814	8,876	7,115	450	5,286	1,087	5,373
2019	강남구	여자	37,886	32,237	10,411	12,578	616	7,477	1,155	5,649
2019	송파구	계	68,861	56,406	16,345	14,509	723	22,867	1,962	12,455
2019	송파구	남자	31,036	25,109	8,457	5,235	266	10,063	1,088	5,927
2019	송파구	여자	37,825	31,297	7,888	9,274	457	12,804	874	6,528
2019	강동구	계	45,188	39,516	18,661	9,843	352	9,253	1,407	5,672
2019	강동구	남자	21,674	18,697	9,839	3,860	131	4,100	767	2,977
2019	강동구	여자	23,514	20,819	8,822	5,983	221	5,153	640	2,695